2
200 4 1 100000
79
1
200 200 200 200
1 200 200 200
2 200 200 200
3 200 200 200
4 200 200 200
5 200 200 200
6 200 200 200
7 200 200 200
8 200 200 200
9 200 200 200
10 200 200 200
11 200 200 200
12 200 200 200
13 200 200 200
14 200 200 200
15 200 200 200
16 200 200 200
17 56 200 200
18 57 200 200
19 200 200 200
20 200 200 200
21 200 200 200
22 200 200 200
23 200 200 200
24 63 200 200
25 36 200 200
26 200 200 200
27 200 200 200
28 67 200 200
29 200 200 200
30 200 200 200
31 200 200 200
32 200 200 200
33 200 200 200
34 200 200 200
35 200 200 200
36 200 200 200
37 200 200 200
38 200 200 200
39 200 200 200
1 200 200 200
41 200 200 200
42 200 200 200
43 200 200 200
44 200 200 200
45 200 200 200
46 200 200 200
47 200 200 200
48 200 200 200
49 200 200 200
50 200 200 200
51 200 200 200
52 200 200 200
53 200 200 200
54 200 200 200
55 200 200 200
56 200 200 200
57 200 200 200
58 200 200 200
59 200 200 200
60 200 200 200
61 200 200 200
62 200 200 200
63 200 200 200
64 200 200 200
65 200 200 200
66 200 200 200
67 200 200 200
68 200 200 200
69 200 200 200
70 200 200 200
71 200 200 200
72 200 200 200
73 200 200 200
74 200 200 200
75 200 200 200
76 200 200 200
77 200 200 200
78 200 200 200
1 200 200 200
80 2 200 200
81 200 200 200
82 121 43 200
83 200 200 200
84 200 200 200
85 7 46 200
86 200 200 200
87 200 200 200
88 200 200 200
89 200 200 200
90 129 200 200
91 200 200 200
92 131 14 200
93 171 15 200
94 200 200 200
95 173 17 56
96 57 200 200
97 136 19 200
98 176 20 200
99 200 200 200
100 61 200 200
101 62 200 200
102 24 200 200
103 25 200 200
104 200 200 200
105 144 200 200
106 67 200 200
107 146 200 200
108 200 200 200
109 200 200 200
110 188 149 200
111 200 200 200
112 200 200 200
113 74 200 200
114 192 153 75
115 154 200 200
116 200 200 200
117 200 200 200
1 200 200 200
119 200 200 200
120 200 200 200
121 200 200 200
122 200 200 200
123 200 200 200
124 46 200 200
125 47 200 200
126 200 200 200
127 200 200 200
128 200 200 200
129 12 200 200
130 200 200 200
131 200 200 200
132 200 200 200
133 55 200 200
134 200 200 200
135 200 200 200
136 200 200 200
137 200 200 200
138 200 200 200
139 22 200 200
140 62 200 200
141 200 200 200
142 200 200 200
143 200 200 200
144 200 200 200
145 200 200 200
146 200 200 200
147 200 200 200
148 31 200 200
149 200 200 200
150 200 200 200
151 34 200 200
152 200 200 200
153 200 200 200
154 37 200 200
155 200 200 200
156 78 200 200
1 200 200 200
158 2 41 200
159 200 200 200
160 200 200 200
161 122 200 200
162 123 200 200
163 200 200 200
164 125 200 200
165 200 200 200
166 127 200 200
167 200 200 200
168 179 200 200
169 200 200 200
170 14 200 200
171 200 200 200
172 200 200 200
173 200 200 200
174 200 200 200
175 58 200 200
176 200 200 200
177 200 200 200
178 200 200 200
179 23 200 200
180 200 200 200
181 25 192 200
182 200 200 200
183 144 200 200
184 200 200 200
185 200 200 200
186 200 200 200
187 70 200 200
188 149 200 200
189 200 200 200
190 34 200 200
191 200 200 200
192 153 200 200
193 76 200 200
194 200 200 200
195 200 200 200
200 200 200 200
200 200 200 200
200 200 200 200
200 200 200 200
